name: nick-ml
channels:
  - conda-forge
  - defaults
dependencies:
  - blas=1.0=mkl
  - brotli=1.0.9=h2bbff1b_7
  - brotli-bin=1.0.9=h2bbff1b_7
  - bzip2=1.0.8=hcfcfb64_5
  - ca-certificates=2023.12.12=haa95532_0
  - contourpy=1.2.0=py311h59b6b97_0
  - cycler=0.11.0=pyhd3eb1b0_0
  - fonttools=4.25.0=pyhd3eb1b0_0
  - freetype=2.12.1=ha860e81_0
  - icu=73.1=h6c2663c_0
  - intel-openmp=2023.1.0=h59b6b97_46320
  - jpeg=9e=h2bbff1b_1
  - kiwisolver=1.4.4=py311hd77b12b_0
  - krb5=1.20.1=h5b6d351_0
  - lerc=3.0=hd77b12b_0
  - libbrotlicommon=1.0.9=h2bbff1b_7
  - libbrotlidec=1.0.9=h2bbff1b_7
  - libbrotlienc=1.0.9=h2bbff1b_7
  - libclang=14.0.6=default_hb5a9fac_1
  - libclang13=14.0.6=default_h8e68704_1
  - libdeflate=1.17=h2bbff1b_1
  - libexpat=2.6.2=h63175ca_0
  - libffi=3.4.2=h8ffe710_5
  - libpng=1.6.39=h8cc25b3_0
  - libpq=12.17=h906ac69_0
  - libsqlite=3.45.2=hcfcfb64_0
  - libtiff=4.5.1=hd77b12b_0
  - libwebp-base=1.3.2=h2bbff1b_0
  - lz4-c=1.9.4=h2bbff1b_0
  - matplotlib=3.8.0=py311haa95532_0
  - matplotlib-base=3.8.0=py311hf62ec03_0
  - mkl=2023.1.0=h6b88ed4_46358
  - mkl-service=2.4.0=py311h2bbff1b_1
  - mkl_fft=1.3.8=py311h2bbff1b_0
  - mkl_random=1.2.4=py311h59b6b97_0
  - munkres=1.1.4=py_0
  - numpy=1.26.4=py311hdab7c0b_0
  - numpy-base=1.26.4=py311hd01c5d8_0
  - openjpeg=2.4.0=h4fc8c34_0
  - openssl=3.0.13=h2bbff1b_0
  - packaging=23.1=py311haa95532_0
  - pillow=10.2.0=py311h2bbff1b_0
  - pip=24.0=pyhd8ed1ab_0
  - ply=3.11=py311haa95532_0
  - pyparsing=3.0.9=py311haa95532_0
  - pyqt=5.15.10=py311hd77b12b_0
  - pyqt5-sip=12.13.0=py311h2bbff1b_0
  - python=3.11.8=he1021f5_0
  - python-dateutil=2.8.2=pyhd3eb1b0_0
  - qt-main=5.15.2=h19c9488_10
  - setuptools=69.2.0=pyhd8ed1ab_0
  - sip=6.7.12=py311hd77b12b_0
  - six=1.16.0=pyhd3eb1b0_1
  - sqlite=3.41.2=h2bbff1b_0
  - tbb=2021.8.0=h59b6b97_0
  - tk=8.6.13=h5226925_1
  - tornado=6.3.3=py311h2bbff1b_0
  - tzdata=2024a=h0c530f3_0
  - ucrt=10.0.22621.0=h57928b3_0
  - vc=14.3=hcf57466_18
  - vc14_runtime=14.38.33130=h82b7239_18
  - vs2015_runtime=14.38.33130=hcb4865c_18
  - wheel=0.42.0=pyhd8ed1ab_0
  - xz=5.4.6=h8cc25b3_0
  - zlib=1.2.13=h8cc25b3_0
  - zstd=1.5.5=hd43e919_0
prefix: C:\Users\nickt\miniconda3\envs\nick-ml
